[[[0 0 0 0 0 0 0 0 0 0 0]
  [0 0 0 0 0 0 0 0 0 0 0]
  [0 0 0 0 0 0 0 0 0 0 0]
  [0 0 0 0 0 0 0 0 0 0 0]
  [0 0 0 0 0 0 0 0 0 0 0]
  [0 0 0 0 0 0 0 0 0 0 0]
  [0 0 0 0 0 0 0 0 0 0 0]]

 [[0 0 0 0 0 0 0 0 0 0 0]
  [0 0 0 -501 -250 -211 -725 -1.24e+03 0 0 0]
  [0 0 0 0 0 0 0 0 0 0 0]
  [0 -70.3 -70.3 -61.5 -103 -573 0 22 -39.6 -158 0]
  [0 0 0 0 0 0 0 0 0 0 0]
  [0 0 0 -1.2e+03 -250 -211 -646 -1.24e+03 0 0 0]
  [0 0 0 0 0 0 0 0 0 0 0]]

 [[0 0 0 0 0 0 0 0 0 0 0]
  [0 0 0 -1.75e+03 -376 -336 -1.01e+04 -1.77e+03 0 0 0]
  [0 0 0 -936 -426 -374 -1.16e+03 -2.25e+03 0 0 0]
  [0 -2.59e+03 -1.1e+03 -817 -1.04e+04 -3.75e+03 -1.22e+03 -1.24e+03 -8.66e+03 -1.77e+03 0]
  [0 0 0 -2.06e+03 -426 -374 -1.07e+03 -2.25e+03 0 0 0]
  [0 0 0 -1.75e+03 -376 -336 -9.85e+03 -1.77e+03 0 0 0]
  [0 0 0 0 0 0 0 0 0 0 0]]

 [[0 0 0 0 0 0 0 0 0 0 0]
  [0 0 0 -2.66e+03 -622 -492 -2.02e+04 -2.85e+03 0 0 0]
  [0 0 0 -4.77e+03 -1.12e+03 -910 -2.22e+04 -4.96e+03 0 0 0]
  [0 -2.99e+03 -6.87e+03 -3.86e+03 -2.66e+04 -2.61e+04 -6.32e+03 -1.99e+04 -2.61e+04 -2.35e+03 0]
  [0 0 0 -4.77e+03 -1.12e+03 -910 -2.07e+04 -4.96e+03 0 0 0]
  [0 0 0 -2.66e+03 -620 -492 -2.1e+04 -2.85e+03 0 0 0]
  [0 0 0 0 0 0 0 0 0 0 0]]

 [[0 0 0 0 0 0 0 0 0 0 0]
  [0 0 0 -2.68e+03 -499 -374 -2.68e+04 -2.28e+03 0 0 0]
  [0 0 0 -3.77e+03 -782 -589 -4.92e+04 -3.47e+03 0 0 0]
  [0 -2.72e+03 -3.67e+03 -9.65e+03 -3.59e+04 -5.75e+04 -3.11e+04 -5.22e+04 -3.09e+04 -1.87e+03 0]
  [0 0 0 -3.77e+03 -782 -589 -4.75e+04 -3.47e+03 0 0 0]
  [0 0 0 -2.68e+03 -519 -409 -2.79e+04 -2.32e+03 0 0 0]
  [0 0 0 0 0 0 0 0 0 0 0]]

 [[0 0 0 0 0 0 0 0 0 0 0]
  [0 0 0 -1.89e+03 0 0 -2.7e+04 0 0 0 0]
  [0 0 0 -2.48e+03 -534 -327 -4.51e+04 -2.19e+03 0 0 0]
  [0 -1.7e+03 -1.5e+03 -3.52e+03 -3e+04 -4.46e+04 -6.55e+04 -3.74e+04 -2.44e+04 0 0]
  [0 0 0 -2.48e+03 -534 -327 -4.81e+04 -2.19e+03 0 0 0]
  [0 0 0 -1.89e+03 0 0 -2.77e+04 0 0 0 0]
  [0 0 0 0 0 0 0 0 0 0 0]]

 [[0 0 0 0 0 0 0 0 0 0 0]
  [0 0 0 0 0 0 -1.04e+04 0 0 0 0]
  [0 0 0 0 0 0 -2.16e+04 0 0 0 0]
  [0 0 0 0 -1.35e+04 -1.46e+04 -4.71e+04 -1.02e+04 -8.61e+03 0 0]
  [0 0 0 0 0 0 -2.22e+04 0 0 0 0]
  [0 0 0 0 0 0 -1.26e+04 0 0 0 0]
  [0 0 0 0 0 0 0 0 0 0 0]]

 [[0 0 0 0 0 0 0 0 0 0 0]
  [0 0 0 0 0 0 0 0 0 0 0]
  [0 0 0 0 0 0 -3.64e+03 0 0 0 0]
  [0 0 0 0 -1.67e+03 -2.1e+03 -9.15e+03 -1.6e+03 0 0 0]
  [0 0 0 0 0 0 -4.41e+03 0 0 0 0]
  [0 0 0 0 0 0 -1.6e+03 0 0 0 0]
  [0 0 0 0 0 0 0 0 0 0 0]]

 [[0 0 0 0 0 0 0 0 0 0 0]
  [0 0 0 0 0 0 0 0 0 0 0]
  [0 0 0 0 0 0 0 0 0 0 0]
  [0 0 0 0 0 0 0 0 0 0 0]
  [0 0 0 0 0 0 0 0 0 0 0]
  [0 0 0 0 0 0 0 0 0 0 0]
  [0 0 0 0 0 0 0 0 0 0 0]]]